ADC Channel - Charge distribution	Counts - Charge distribution
-63,5	1
-58,5	1
-57,5	1
-56,5	1
-55,5	2
-54,5	1
-53,5	2
-52,5	3
-51,5	6
-50,5	10
-49,5	10
-48,5	12
-47,5	4
-46,5	13
-45,5	9
-44,5	23
-43,5	32
-42,5	40
-41,5	39
-40,5	50
-39,5	68
-38,5	73
-37,5	92
-36,5	100
-35,5	137
-34,5	177
-33,5	184
-32,5	214
-31,5	277
-30,5	349
-29,5	393
-28,5	508
-27,5	542
-26,5	638
-25,5	715
-24,5	923
-23,5	1012
-22,5	1167
-21,5	1400
-20,5	1573
-19,5	1758
-18,5	2017
-17,5	2149
-16,5	2463
-15,5	2831
-14,5	3133
-13,5	3478
-12,5	3866
-11,5	4279
-10,5	4513
-9,5	5063
-8,5	5374
-7,5	5805
-6,5	6228
-5,5	6702
-4,5	7146
-3,5	7541
-2,5	7647
-1,5	8163
-0,5	8276
0,5	8357
1,5	8320
2,5	8380
3,5	8305
4,5	8044
5,5	7927
6,5	7694
7,5	7437
8,5	7121
9,5	6555
10,5	6321
11,5	5808
12,5	5437
13,5	4990
14,5	4602
15,5	4117
16,5	3760
17,5	3460
18,5	3030
19,5	2658
20,5	2491
21,5	2146
22,5	1945
23,5	1733
24,5	1486
25,5	1259
26,5	1093
27,5	999
28,5	793
29,5	753
30,5	634
31,5	532
32,5	462
33,5	416
34,5	352
35,5	311
36,5	279
37,5	221
38,5	225
39,5	217
40,5	166
41,5	173
42,5	151
43,5	142
44,5	159
45,5	128
46,5	133
47,5	103
48,5	122
49,5	117
50,5	109
51,5	105
52,5	87
53,5	105
54,5	92
55,5	102
56,5	99
57,5	81
58,5	100
59,5	97
60,5	94
61,5	86
62,5	92
63,5	97
64,5	79
65,5	84
66,5	76
67,5	73
68,5	86
69,5	73
70,5	95
71,5	67
72,5	90
73,5	77
74,5	69
75,5	91
76,5	87
77,5	82
78,5	82
79,5	82
80,5	70
81,5	73
82,5	61
83,5	77
84,5	85
85,5	73
86,5	74
87,5	73
88,5	82
89,5	80
90,5	78
91,5	73
92,5	75
93,5	81
94,5	81
95,5	94
96,5	75
97,5	68
98,5	70
99,5	65
100,5	107
101,5	74
102,5	68
103,5	71
104,5	76
105,5	63
106,5	69
107,5	79
108,5	71
109,5	75
110,5	84
111,5	70
112,5	72
113,5	89
114,5	75
115,5	68
116,5	78
117,5	96
118,5	77
119,5	60
120,5	74
121,5	72
122,5	80
123,5	74
124,5	86
125,5	66
126,5	65
127,5	73
128,5	74
129,5	72
130,5	89
131,5	92
132,5	71
133,5	91
134,5	94
135,5	91
136,5	85
137,5	89
138,5	90
139,5	91
140,5	104
141,5	89
142,5	95
143,5	107
144,5	124
145,5	136
146,5	143
147,5	129
148,5	150
149,5	162
150,5	191
151,5	204
152,5	228
153,5	264
154,5	289
155,5	297
156,5	393
157,5	429
158,5	507
159,5	598
160,5	624
161,5	723
162,5	873
163,5	906
164,5	1091
165,5	1217
166,5	1439
167,5	1546
168,5	1814
169,5	2136
170,5	2296
171,5	2591
172,5	2895
173,5	3101
174,5	3508
175,5	3808
176,5	4272
177,5	4648
178,5	5082
179,5	5431
180,5	5898
181,5	6429
182,5	6780
183,5	7100
184,5	7311
185,5	7734
186,5	7941
187,5	8233
188,5	8365
189,5	8620
190,5	8783
191,5	8824
192,5	8984
193,5	8761
194,5	8394
195,5	8274
196,5	8194
197,5	8020
198,5	7754
199,5	7243
200,5	7039
201,5	6574
202,5	6008
203,5	5729
204,5	5382
205,5	5072
206,5	4619
207,5	4177
208,5	3825
209,5	3509
210,5	3225
211,5	3027
212,5	2724
213,5	2342
214,5	2177
215,5	1955
216,5	1717
217,5	1634
218,5	1488
219,5	1306
220,5	1184
221,5	1114
222,5	1030
223,5	923
224,5	823
225,5	843
226,5	715
227,5	696
228,5	600
229,5	570
230,5	594
231,5	554
232,5	494
233,5	485
234,5	508
235,5	491
236,5	464
237,5	482
238,5	444
239,5	482
240,5	426
241,5	431
242,5	412
243,5	449
244,5	421
245,5	407
246,5	424
247,5	416
248,5	402
249,5	399
250,5	392
251,5	417
252,5	391
253,5	408
254,5	380
255,5	392
256,5	397
257,5	398
258,5	382
259,5	338
260,5	395
261,5	390
262,5	375
263,5	358
264,5	352
265,5	345
266,5	333
267,5	362
268,5	364
269,5	337
270,5	359
271,5	334
272,5	346
273,5	346
274,5	313
275,5	355
276,5	333
277,5	311
278,5	300
279,5	287
280,5	318
281,5	324
282,5	299
283,5	309
284,5	317
285,5	282
286,5	292
287,5	272
288,5	315
289,5	317
290,5	298
291,5	277
292,5	265
293,5	258
294,5	259
295,5	263
296,5	246
297,5	278
298,5	261
299,5	264
300,5	246
301,5	271
302,5	224
303,5	251
304,5	256
305,5	246
306,5	259
307,5	230
308,5	265
309,5	228
310,5	229
311,5	259
312,5	209
313,5	236
314,5	227
315,5	211
316,5	229
317,5	234
318,5	220
319,5	219
320,5	232
321,5	224
322,5	224
323,5	207
324,5	230
325,5	210
326,5	187
327,5	230
328,5	233
329,5	222
330,5	213
331,5	239
332,5	199
333,5	197
334,5	216
335,5	247
336,5	252
337,5	247
338,5	230
339,5	256
340,5	279
341,5	292
342,5	331
343,5	268
344,5	366
345,5	358
346,5	406
347,5	428
348,5	455
349,5	482
350,5	527
351,5	603
352,5	639
353,5	744
354,5	790
355,5	923
356,5	1043
357,5	1160
358,5	1211
359,5	1380
360,5	1536
361,5	1603
362,5	1796
363,5	2057
364,5	2165
365,5	2420
366,5	2560
367,5	2681
368,5	2991
369,5	3181
370,5	3323
371,5	3646
372,5	3799
373,5	4016
374,5	4111
375,5	4340
376,5	4335
377,5	4701
378,5	4761
379,5	4916
380,5	4926
381,5	4947
382,5	5059
383,5	5010
384,5	4988
385,5	4911
386,5	4814
387,5	4692
388,5	4694
389,5	4503
390,5	4380
391,5	4189
392,5	4028
393,5	3874
394,5	3652
395,5	3418
396,5	3231
397,5	3107
398,5	2929
399,5	2748
400,5	2468
401,5	2325
402,5	2251
403,5	1920
404,5	1836
405,5	1691
406,5	1611
407,5	1480
408,5	1319
409,5	1247
410,5	1112
411,5	1086
412,5	926
413,5	897
414,5	847
415,5	764
416,5	759
417,5	692
418,5	694
419,5	618
420,5	627
421,5	588
422,5	569
423,5	559
424,5	539
425,5	512
426,5	532
427,5	493
428,5	509
429,5	479
430,5	494
431,5	474
432,5	441
433,5	466
434,5	469
435,5	462
436,5	434
437,5	467
438,5	466
439,5	438
440,5	408
441,5	465
442,5	465
443,5	424
444,5	464
445,5	452
446,5	446
447,5	454
448,5	422
449,5	402
450,5	459
451,5	408
452,5	413
453,5	418
454,5	397
455,5	419
456,5	383
457,5	407
458,5	390
459,5	388
460,5	400
461,5	366
462,5	374
463,5	361
464,5	376
465,5	355
466,5	377
467,5	337
468,5	366
469,5	363
470,5	380
471,5	334
472,5	369
473,5	339
474,5	336
475,5	345
476,5	317
477,5	309
478,5	320
479,5	302
480,5	295
481,5	300
482,5	307
483,5	325
484,5	318
485,5	294
486,5	322
487,5	314
488,5	312
489,5	291
490,5	263
491,5	260
492,5	282
493,5	296
494,5	283
495,5	276
496,5	256
497,5	275
498,5	289
499,5	285
500,5	271
501,5	253
502,5	272
503,5	278
504,5	278
505,5	249
506,5	260
507,5	252
508,5	230
509,5	255
510,5	217
511,5	240
512,5	229
513,5	222
514,5	247
515,5	244
516,5	239
517,5	239
518,5	198
519,5	219
520,5	233
521,5	214
522,5	206
523,5	224
524,5	214
525,5	233
526,5	218
527,5	220
528,5	222
529,5	247
530,5	235
531,5	254
532,5	259
533,5	276
534,5	290
535,5	293
536,5	300
537,5	294
538,5	303
539,5	306
540,5	377
541,5	388
542,5	416
543,5	477
544,5	459
545,5	476
546,5	525
547,5	587
548,5	621
549,5	705
550,5	772
551,5	784
552,5	882
553,5	916
554,5	972
555,5	1131
556,5	1151
557,5	1216
558,5	1281
559,5	1353
560,5	1455
561,5	1486
562,5	1592
563,5	1657
564,5	1678
565,5	1742
566,5	1900
567,5	1839
568,5	1963
569,5	2010
570,5	2001
571,5	2043
572,5	1997
573,5	2079
574,5	2076
575,5	2093
576,5	2031
577,5	2069
578,5	2059
579,5	1980
580,5	2018
581,5	1852
582,5	1880
583,5	1709
584,5	1798
585,5	1693
586,5	1592
587,5	1537
588,5	1458
589,5	1360
590,5	1294
591,5	1290
592,5	1155
593,5	1128
594,5	1032
595,5	961
596,5	910
597,5	858
598,5	766
599,5	744
600,5	723
601,5	647
602,5	634
603,5	625
604,5	519
605,5	514
606,5	487
607,5	494
608,5	416
609,5	443
610,5	402
611,5	377
612,5	374
613,5	371
614,5	370
615,5	339
616,5	358
617,5	332
618,5	352
619,5	355
620,5	338
621,5	291
622,5	315
623,5	354
624,5	314
625,5	322
626,5	320
627,5	328
628,5	269
629,5	312
630,5	328
631,5	313
632,5	297
633,5	315
634,5	268
635,5	304
636,5	307
637,5	266
638,5	279
639,5	278
640,5	295
641,5	272
642,5	314
643,5	274
644,5	270
645,5	273
646,5	245
647,5	285
648,5	262
649,5	286
650,5	278
651,5	274
652,5	264
653,5	263
654,5	271
655,5	269
656,5	240
657,5	257
658,5	251
659,5	252
660,5	243
661,5	241
662,5	236
663,5	229
664,5	259
665,5	255
666,5	231
667,5	242
668,5	262
669,5	223
670,5	222
671,5	203
672,5	215
673,5	178
674,5	235
675,5	200
676,5	195
677,5	187
678,5	172
679,5	208
680,5	195
681,5	181
682,5	191
683,5	162
684,5	200
685,5	227
686,5	178
687,5	201
688,5	189
689,5	180
690,5	183
691,5	176
692,5	172
693,5	178
694,5	174
695,5	156
696,5	186
697,5	170
698,5	156
699,5	176
700,5	198
701,5	173
702,5	158
703,5	156
704,5	153
705,5	148
706,5	173
707,5	158
708,5	129
709,5	165
710,5	145
711,5	142
712,5	151
713,5	150
714,5	186
715,5	155
716,5	148
717,5	173
718,5	117
719,5	151
720,5	152
721,5	160
722,5	152
723,5	164
724,5	162
725,5	145
726,5	163
727,5	166
728,5	173
729,5	174
730,5	165
731,5	178
732,5	200
733,5	245
734,5	239
735,5	230
736,5	244
737,5	263
738,5	263
739,5	316
740,5	332
741,5	355
742,5	353
743,5	355
744,5	367
745,5	409
746,5	441
747,5	477
748,5	479
749,5	494
750,5	487
751,5	520
752,5	557
753,5	599
754,5	577
755,5	627
756,5	668
757,5	681
758,5	692
759,5	671
760,5	665
761,5	698
762,5	693
763,5	713
764,5	690
765,5	703
766,5	670
767,5	699
768,5	714
769,5	694
770,5	718
771,5	691
772,5	647
773,5	645
774,5	612
775,5	639
776,5	602
777,5	564
778,5	536
779,5	582
780,5	553
781,5	523
782,5	438
783,5	451
784,5	442
785,5	421
786,5	369
787,5	372
788,5	362
789,5	320
790,5	323
791,5	283
792,5	294
793,5	273
794,5	231
795,5	244
796,5	225
797,5	234
798,5	230
799,5	206
800,5	204
801,5	221
802,5	202
803,5	204
804,5	167
805,5	192
806,5	188
807,5	172
808,5	190
809,5	162
810,5	177
811,5	167
812,5	150
813,5	168
814,5	156
815,5	150
816,5	141
817,5	127
818,5	145
819,5	186
820,5	150
821,5	170
822,5	157
823,5	147
824,5	131
825,5	140
826,5	162
827,5	147
828,5	135
829,5	136
830,5	129
831,5	148
832,5	141
833,5	147
834,5	121
835,5	133
836,5	121
837,5	145
838,5	124
839,5	137
840,5	122
841,5	130
842,5	95
843,5	125
844,5	118
845,5	128
846,5	127
847,5	130
848,5	106
849,5	99
850,5	127
851,5	99
852,5	121
853,5	109
854,5	118
855,5	114
856,5	114
857,5	115
858,5	133
859,5	133
860,5	122
861,5	98
862,5	127
863,5	89
864,5	88
865,5	113
866,5	92
867,5	94
868,5	98
869,5	103
870,5	101
871,5	119
872,5	108
873,5	99
874,5	121
875,5	93
876,5	108
877,5	99
878,5	90
879,5	97
880,5	99
881,5	108
882,5	85
883,5	77
884,5	92
885,5	83
886,5	80
887,5	75
888,5	82
889,5	86
890,5	82
891,5	73
892,5	72
893,5	91
894,5	62
895,5	78
896,5	71
897,5	59
898,5	68
899,5	63
900,5	71
901,5	73
902,5	70
903,5	82
904,5	80
905,5	76
906,5	61
907,5	82
908,5	68
909,5	77
910,5	69
911,5	67
912,5	88
913,5	66
914,5	78
915,5	79
916,5	80
917,5	68
918,5	78
919,5	78
920,5	84
921,5	95
922,5	101
923,5	91
924,5	81
925,5	102
926,5	108
927,5	99
928,5	77
929,5	116
930,5	119
931,5	108
932,5	124
933,5	111
934,5	143
935,5	153
936,5	162
937,5	147
938,5	167
939,5	165
940,5	172
941,5	175
942,5	166
943,5	184
944,5	210
945,5	196
946,5	207
947,5	200
948,5	226
949,5	219
950,5	221
951,5	194
952,5	228
953,5	206
954,5	214
955,5	207
956,5	214
957,5	203
958,5	235
959,5	215
960,5	208
961,5	185
962,5	205
963,5	209
964,5	199
965,5	225
966,5	168
967,5	172
968,5	192
969,5	166
970,5	169
971,5	163
972,5	153
973,5	176
974,5	128
975,5	132
976,5	149
977,5	124
978,5	131
979,5	112
980,5	132
981,5	112
982,5	104
983,5	100
984,5	95
985,5	106
986,5	94
987,5	85
988,5	83
989,5	70
990,5	68
991,5	96
992,5	96
993,5	67
994,5	78
995,5	79
996,5	67
997,5	66
998,5	61
999,5	70
1000,5	58
1001,5	74
1002,5	64
1003,5	61
1004,5	55
1005,5	62
1006,5	59
1007,5	64
1008,5	55
1009,5	61
1010,5	54
1011,5	64
1012,5	61
1013,5	56
1014,5	70
1015,5	57
1016,5	51
1017,5	48
1018,5	49
1019,5	61
1020,5	52
1021,5	59
1022,5	45
1023,5	55
1024,5	56
1025,5	60
1026,5	46
1027,5	43
1028,5	52
1029,5	44
1030,5	45
1031,5	47
1032,5	56
1033,5	56
1034,5	53
1035,5	57
1036,5	51
1037,5	59
1038,5	48
1039,5	40
1040,5	39
1041,5	49
1042,5	50
1043,5	41
1044,5	41
1045,5	53
1046,5	57
1047,5	52
1048,5	39
1049,5	47
1050,5	48
1051,5	44
1052,5	56
1053,5	43
1054,5	39
1055,5	40
1056,5	38
1057,5	47
1058,5	38
1059,5	51
1060,5	40
1061,5	30
1062,5	41
1063,5	45
1064,5	41
1065,5	33
1066,5	30
1067,5	44
1068,5	40
1069,5	39
1070,5	47
1071,5	38
1072,5	26
1073,5	45
1074,5	24
1075,5	41
1076,5	34
1077,5	34
1078,5	30
1079,5	36
1080,5	35
1081,5	27
1082,5	25
1083,5	42
1084,5	33
1085,5	47
1086,5	34
1087,5	40
1088,5	29
1089,5	30
1090,5	38
1091,5	38
1092,5	37
1093,5	34
1094,5	22
1095,5	19
1096,5	40
1097,5	33
1098,5	22
1099,5	29
1100,5	26
1101,5	29
1102,5	28
1103,5	45
1104,5	31
1105,5	25
1106,5	32
1107,5	32
1108,5	27
1109,5	29
1110,5	37
1111,5	36
1112,5	35
1113,5	39
1114,5	28
1115,5	40
1116,5	40
1117,5	35
1118,5	41
1119,5	51
1120,5	36
1121,5	39
1122,5	41
1123,5	39
1124,5	53
1125,5	49
1126,5	51
1127,5	56
1128,5	49
1129,5	52
1130,5	54
1131,5	70
1132,5	53
1133,5	61
1134,5	50
1135,5	48
1136,5	59
1137,5	54
1138,5	50
1139,5	66
1140,5	63
1141,5	61
1142,5	53
1143,5	68
1144,5	51
1145,5	50
1146,5	56
1147,5	72
1148,5	47
1149,5	52
1150,5	69
1151,5	56
1152,5	61
1153,5	59
1154,5	59
1155,5	68
1156,5	53
1157,5	54
1158,5	51
1159,5	69
1160,5	45
1161,5	71
1162,5	57
1163,5	37
1164,5	48
1165,5	43
1166,5	39
1167,5	38
1168,5	44
1169,5	40
1170,5	37
1171,5	35
1172,5	31
1173,5	33
1174,5	27
1175,5	40
1176,5	30
1177,5	28
1178,5	36
1179,5	23
1180,5	27
1181,5	20
1182,5	23
1183,5	31
1184,5	23
1185,5	21
1186,5	30
1187,5	24
1188,5	20
1189,5	31
1190,5	25
1191,5	27
1192,5	22
1193,5	25
1194,5	21
1195,5	29
1196,5	22
1197,5	27
1198,5	15
1199,5	24
1200,5	14
1201,5	17
1202,5	19
1203,5	20
1204,5	22
1205,5	16
1206,5	21
1207,5	29
1208,5	17
1209,5	19
1210,5	28
1211,5	22
1212,5	14
1213,5	15
1214,5	13
1215,5	19
1216,5	24
1217,5	14
1218,5	17
1219,5	12
1220,5	14
1221,5	28
1222,5	20
1223,5	12
1224,5	20
1225,5	23
1226,5	16
1227,5	17
1228,5	16
1229,5	20
1230,5	16
1231,5	16
1232,5	22
1233,5	23
1234,5	22
1235,5	13
1236,5	16
1237,5	18
1238,5	14
1239,5	15
1240,5	17
1241,5	14
1242,5	18
1243,5	17
1244,5	17
1245,5	17
1246,5	11
1247,5	17
1248,5	17
1249,5	24
1250,5	19
1251,5	24
1252,5	16
1253,5	15
1254,5	13
1255,5	9
1256,5	15
1257,5	18
1258,5	13
1259,5	20
1260,5	12
1261,5	10
1262,5	19
1263,5	9
1264,5	10
1265,5	12
1266,5	14
1267,5	12
1268,5	12
1269,5	12
1270,5	12
1271,5	10
1272,5	9
1273,5	6
1274,5	11
1275,5	15
1276,5	20
1277,5	13
1278,5	10
1279,5	15
1280,5	9
1281,5	8
1282,5	13
1283,5	12
1284,5	10
1285,5	5
1286,5	18
1287,5	13
1288,5	8
1289,5	16
1290,5	17
1291,5	7
1292,5	17
1293,5	11
1294,5	9
1295,5	11
1296,5	16
1297,5	11
1298,5	11
1299,5	8
1300,5	11
1301,5	13
1302,5	11
1303,5	15
1304,5	12
1305,5	10
1306,5	16
1307,5	14
1308,5	15
1309,5	11
1310,5	12
1311,5	12
1312,5	11
1313,5	9
1314,5	21
1315,5	18
1316,5	10
1317,5	12
1318,5	13
1319,5	11
1320,5	17
1321,5	16
1322,5	10
1323,5	9
1324,5	13
1325,5	11
1326,5	15
1327,5	11
1328,5	21
1329,5	13
1330,5	14
1331,5	18
1332,5	26
1333,5	19
1334,5	16
1335,5	21
1336,5	15
1337,5	14
1338,5	15
1339,5	17
1340,5	12
1341,5	23
1342,5	18
1343,5	12
1344,5	18
1345,5	18
1346,5	15
1347,5	17
1348,5	20
1349,5	8
1350,5	13
1351,5	16
1352,5	12
1353,5	14
1354,5	13
1355,5	18
1356,5	11
1357,5	12
1358,5	8
1359,5	9
1360,5	13
1361,5	12
1362,5	9
1363,5	5
1364,5	15
1365,5	15
1366,5	9
1367,5	11
1368,5	9
1369,5	7
1370,5	9
1371,5	7
1372,5	11
1373,5	7
1374,5	4
1375,5	11
1376,5	7
1377,5	6
1378,5	9
1379,5	13
1380,5	6
1381,5	8
1382,5	7
1383,5	4
1384,5	4
1385,5	7
1386,5	8
1387,5	4
1388,5	6
1389,5	9
1390,5	10
1391,5	2
1392,5	8
1393,5	5
1394,5	9
1395,5	7
1396,5	1
1397,5	7
1398,5	3
1399,5	4
1400,5	3
1401,5	4
1402,5	3
1403,5	5
1404,5	5
1405,5	5
1406,5	6
1407,5	6
1408,5	11
1409,5	5
1410,5	6
1411,5	7
1412,5	2
1413,5	7
1414,5	11
1415,5	4
1416,5	2
1417,5	13
1418,5	5
1419,5	6
1420,5	4
1421,5	6
1422,5	3
1423,5	4
1424,5	7
1425,5	6
1426,5	2
1427,5	2
1428,5	2
1429,5	4
1430,5	2
1431,5	6
1432,5	8
1433,5	5
1434,5	7
1435,5	8
1436,5	5
1437,5	2
1438,5	5
1439,5	5
1440,5	7
1441,5	6
1442,5	8
1443,5	4
1444,5	5
1445,5	3
1446,5	6
1447,5	4
1448,5	3
1449,5	3
1450,5	1
1451,5	5
1452,5	4
1453,5	5
1454,5	3
1455,5	6
1456,5	4
1457,5	1
1458,5	8
1459,5	6
1460,5	5
1461,5	5
1462,5	3
1463,5	3
1464,5	3
1465,5	1
1466,5	5
1467,5	2
1468,5	5
1469,5	6
1470,5	5
1472,5	4
1473,5	3
1474,5	5
1475,5	8
1476,5	3
1477,5	5
1478,5	1
1479,5	2
1480,5	5
1481,5	1
1482,5	2
1483,5	4
1484,5	4
1485,5	5
1486,5	2
1487,5	3
1488,5	1
1489,5	3
1490,5	1
1491,5	3
1492,5	2
1493,5	3
1494,5	1
1495,5	1
1496,5	4
1497,5	2
1498,5	3
1499,5	7
1500,5	5
1501,5	3
1502,5	3
1503,5	3
1504,5	4
1505,5	5
1506,5	3
1507,5	6
1508,5	3
1509,5	1
1510,5	3
1511,5	8
1512,5	5
1513,5	4
1514,5	4
1515,5	3
1517,5	2
1518,5	5
1519,5	3
1520,5	3
1521,5	6
1522,5	10
1523,5	3
1524,5	4
1525,5	3
1526,5	10
1527,5	9
1528,5	4
1529,5	5
1530,5	7
1531,5	6
1532,5	7
1533,5	2
1534,5	2
1535,5	2
1536,5	5
1537,5	3
1539,5	4
1540,5	3
1541,5	10
1543,5	2
1544,5	2
1545,5	2
1546,5	2
1547,5	3
1548,5	5
1549,5	4
1550,5	3
1551,5	2
1552,5	5
1553,5	3
1554,5	4
1555,5	2
1556,5	3
1557,5	3
1558,5	2
1559,5	1
1560,5	5
1561,5	3
1563,5	3
1564,5	3
1565,5	3
1566,5	2
1568,5	1
1569,5	2
1570,5	2
1571,5	3
1572,5	2
1573,5	2
1574,5	2
1575,5	4
1576,5	2
1577,5	2
1578,5	1
1579,5	3
1580,5	2
1581,5	1
1583,5	3
1584,5	3
1585,5	2
1586,5	1
1587,5	1
1588,5	1
1589,5	3
1590,5	1
1591,5	2
1592,5	3
1593,5	1
1595,5	1
1596,5	1
1597,5	4
1599,5	2
1600,5	2
1601,5	2
1602,5	1
1603,5	4
1604,5	1
1605,5	4
1607,5	2
1608,5	4
1611,5	2
1612,5	2
1613,5	1
1614,5	1
1615,5	3
1616,5	1
1618,5	1
1619,5	2
1620,5	1
1621,5	3
1622,5	1
1623,5	3
1624,5	1
1626,5	1
1627,5	3
1629,5	3
1630,5	3
1632,5	1
1633,5	3
1634,5	1
1635,5	2
1636,5	2
1637,5	1
1638,5	2
1639,5	1
1640,5	1
1641,5	2
1642,5	1
1643,5	1
1644,5	1
1645,5	1
1646,5	2
1647,5	4
1648,5	1
1650,5	1
1653,5	1
1654,5	2
1655,5	2
1656,5	2
1659,5	2
1660,5	1
1662,5	1
1663,5	1
1664,5	3
1665,5	2
1667,5	2
1668,5	1
1670,5	1
1671,5	2
1672,5	1
1673,5	1
1675,5	2
1676,5	3
1677,5	2
1679,5	2
1681,5	2
1683,5	1
1684,5	1
1687,5	1
1688,5	1
1689,5	2
1690,5	3
1693,5	1
1694,5	2
1695,5	1
1696,5	1
1697,5	3
1698,5	1
1699,5	2
1701,5	2
1704,5	3
1705,5	2
1706,5	1
1708,5	1
1709,5	3
1712,5	4
1714,5	2
1716,5	1
1717,5	1
1718,5	1
1721,5	2
1723,5	1
1727,5	2
1728,5	2
1729,5	1
1731,5	2
1736,5	1
1738,5	2
1740,5	1
1742,5	2
1743,5	1
1744,5	3
1746,5	1
1749,5	1
1750,5	1
1752,5	1
1753,5	1
1754,5	1
1755,5	1
1756,5	1
1757,5	1
1760,5	1
1763,5	1
1765,5	1
1767,5	1
1768,5	1
1769,5	1
1771,5	1
1772,5	1
1775,5	1
1777,5	1
1779,5	3
1780,5	3
1783,5	1
1785,5	1
1787,5	1
1790,5	1
1793,5	1
1794,5	1
1803,5	1
1806,5	1
1807,5	1
1808,5	1
1813,5	1
1814,5	1
1822,5	1
1824,5	1
1825,5	1
1826,5	1
1831,5	1
1836,5	1
1838,5	1
1844,5	1
1849,5	1
1851,5	1
1856,5	1
1860,5	1
1862,5	1
1864,5	1
1868,5	1
1870,5	2
1872,5	1
1880,5	1
1882,5	1
1886,5	1
1888,5	1
1891,5	1
1894,5	2
1896,5	1
1907,5	1
1912,5	1
1915,5	1
1922,5	1
1931,5	1
1935,5	1
1947,5	1
1948,5	1
1950,5	2
1953,5	1
1955,5	1
1961,5	1
2000,5	1
2005,5	1
2016,5	1
2019,5	1
2027,5	1
2052,5	1
2073,5	1
2076,5	1
2257,5	1
2261,5	1
2370,5	1
2376,5	1
2421,5	1
2521,5	1
