ADC Channel - Charge distribution	Counts - Charge distribution
-66,5	1
-60,5	1
-59,5	2
-58,5	1
-57,5	1
-56,5	1
-55,5	2
-54,5	1
-53,5	3
-52,5	4
-51,5	4
-50,5	3
-49,5	7
-48,5	15
-47,5	22
-46,5	19
-45,5	25
-44,5	34
-43,5	40
-42,5	42
-41,5	74
-40,5	63
-39,5	99
-38,5	125
-37,5	114
-36,5	157
-35,5	175
-34,5	223
-33,5	272
-32,5	308
-31,5	387
-30,5	457
-29,5	520
-28,5	627
-27,5	705
-26,5	899
-25,5	938
-24,5	1137
-23,5	1297
-22,5	1524
-21,5	1751
-20,5	1901
-19,5	2158
-18,5	2346
-17,5	2763
-16,5	3083
-15,5	3300
-14,5	3714
-13,5	4178
-12,5	4659
-11,5	5117
-10,5	5513
-9,5	6039
-8,5	6436
-7,5	6981
-6,5	7501
-5,5	7797
-4,5	8361
-3,5	8509
-2,5	8978
-1,5	9239
-0,5	9533
0,5	9579
1,5	9605
2,5	9662
3,5	9672
4,5	9594
5,5	9484
6,5	9079
7,5	8727
8,5	8422
9,5	7877
10,5	7398
11,5	6845
12,5	6620
13,5	5995
14,5	5585
15,5	5149
16,5	4614
17,5	4141
18,5	3782
19,5	3407
20,5	2960
21,5	2773
22,5	2439
23,5	2194
24,5	1914
25,5	1669
26,5	1455
27,5	1301
28,5	1115
29,5	1017
30,5	843
31,5	735
32,5	597
33,5	556
34,5	511
35,5	429
36,5	374
37,5	327
38,5	290
39,5	239
40,5	246
41,5	211
42,5	192
43,5	191
44,5	192
45,5	153
46,5	142
47,5	143
48,5	150
49,5	139
50,5	136
51,5	124
52,5	132
53,5	123
54,5	125
55,5	127
56,5	111
57,5	116
58,5	113
59,5	102
60,5	115
61,5	111
62,5	110
63,5	127
64,5	90
65,5	96
66,5	110
67,5	98
68,5	104
69,5	101
70,5	86
71,5	111
72,5	88
73,5	95
74,5	85
75,5	101
76,5	89
77,5	100
78,5	86
79,5	96
80,5	90
81,5	80
82,5	91
83,5	98
84,5	88
85,5	85
86,5	81
87,5	93
88,5	86
89,5	99
90,5	105
91,5	89
92,5	103
93,5	84
94,5	73
95,5	99
96,5	79
97,5	73
98,5	79
99,5	77
100,5	76
101,5	81
102,5	86
103,5	76
104,5	78
105,5	106
106,5	81
107,5	88
108,5	81
109,5	72
110,5	85
111,5	82
112,5	71
113,5	96
114,5	71
115,5	80
116,5	84
117,5	98
118,5	69
119,5	74
120,5	75
121,5	101
122,5	60
123,5	86
124,5	84
125,5	84
126,5	85
127,5	85
128,5	83
129,5	77
130,5	77
131,5	114
132,5	72
133,5	88
134,5	66
135,5	78
136,5	77
137,5	94
138,5	81
139,5	82
140,5	112
141,5	77
142,5	90
143,5	93
144,5	82
145,5	86
146,5	99
147,5	92
148,5	85
149,5	92
150,5	80
151,5	97
152,5	98
153,5	96
154,5	97
155,5	103
156,5	117
157,5	108
158,5	105
159,5	123
160,5	128
161,5	119
162,5	129
163,5	124
164,5	136
165,5	158
166,5	172
167,5	191
168,5	177
169,5	222
170,5	241
171,5	245
172,5	295
173,5	317
174,5	360
175,5	449
176,5	439
177,5	534
178,5	574
179,5	673
180,5	832
181,5	850
182,5	1024
183,5	1182
184,5	1342
185,5	1505
186,5	1659
187,5	1888
188,5	2130
189,5	2407
190,5	2713
191,5	3037
192,5	3348
193,5	3724
194,5	4195
195,5	4350
196,5	4855
197,5	5432
198,5	5826
199,5	6302
200,5	6595
201,5	7277
202,5	7606
203,5	8015
204,5	8498
205,5	8735
206,5	9207
207,5	9463
208,5	10009
209,5	9928
210,5	10017
211,5	10203
212,5	10064
213,5	10175
214,5	9840
215,5	9824
216,5	9496
217,5	9309
218,5	8934
219,5	8423
220,5	8225
221,5	7807
222,5	7499
223,5	6870
224,5	6554
225,5	6111
226,5	5508
227,5	5188
228,5	4972
229,5	4248
230,5	4140
231,5	3733
232,5	3322
233,5	3102
234,5	2829
235,5	2582
236,5	2345
237,5	2063
238,5	1833
239,5	1784
240,5	1557
241,5	1440
242,5	1281
243,5	1237
244,5	1061
245,5	1012
246,5	995
247,5	850
248,5	815
249,5	725
250,5	711
251,5	698
252,5	654
253,5	661
254,5	645
255,5	588
256,5	587
257,5	605
258,5	590
259,5	596
260,5	583
261,5	591
262,5	561
263,5	561
264,5	581
265,5	580
266,5	585
267,5	567
268,5	532
269,5	564
270,5	495
271,5	519
272,5	598
273,5	541
274,5	536
275,5	516
276,5	486
277,5	510
278,5	504
279,5	528
280,5	482
281,5	493
282,5	469
283,5	511
284,5	473
285,5	484
286,5	494
287,5	467
288,5	470
289,5	469
290,5	457
291,5	441
292,5	459
293,5	454
294,5	458
295,5	479
296,5	448
297,5	436
298,5	421
299,5	463
300,5	427
301,5	427
302,5	430
303,5	447
304,5	440
305,5	442
306,5	390
307,5	431
308,5	390
309,5	431
310,5	392
311,5	418
312,5	397
313,5	407
314,5	388
315,5	352
316,5	389
317,5	374
318,5	374
319,5	340
320,5	354
321,5	350
322,5	325
323,5	347
324,5	375
325,5	321
326,5	337
327,5	347
328,5	373
329,5	323
330,5	326
331,5	334
332,5	302
333,5	314
334,5	330
335,5	326
336,5	299
337,5	305
338,5	320
339,5	328
340,5	300
341,5	322
342,5	332
343,5	294
344,5	308
345,5	309
346,5	312
347,5	268
348,5	300
349,5	273
350,5	300
351,5	288
352,5	294
353,5	290
354,5	265
355,5	271
356,5	288
357,5	250
358,5	248
359,5	275
360,5	271
361,5	274
362,5	281
363,5	248
364,5	265
365,5	257
366,5	257
367,5	239
368,5	259
369,5	230
370,5	263
371,5	290
372,5	278
373,5	269
374,5	315
375,5	264
376,5	308
377,5	292
378,5	327
379,5	349
380,5	306
381,5	339
382,5	344
383,5	401
384,5	431
385,5	458
386,5	477
387,5	549
388,5	558
389,5	646
390,5	733
391,5	717
392,5	808
393,5	963
394,5	1013
395,5	1100
396,5	1225
397,5	1370
398,5	1583
399,5	1698
400,5	1807
401,5	2042
402,5	2162
403,5	2226
404,5	2564
405,5	2701
406,5	2872
407,5	3320
408,5	3428
409,5	3610
410,5	3882
411,5	4112
412,5	4303
413,5	4598
414,5	4692
415,5	4862
416,5	5051
417,5	5295
418,5	5481
419,5	5337
420,5	5624
421,5	5755
422,5	5627
423,5	5627
424,5	5783
425,5	5666
426,5	5491
427,5	5567
428,5	5448
429,5	5231
430,5	5089
431,5	4951
432,5	4624
433,5	4518
434,5	4352
435,5	4128
436,5	3983
437,5	3677
438,5	3414
439,5	3334
440,5	2982
441,5	2813
442,5	2599
443,5	2535
444,5	2309
445,5	2177
446,5	1933
447,5	1915
448,5	1615
449,5	1617
450,5	1417
451,5	1375
452,5	1317
453,5	1152
454,5	1126
455,5	1045
456,5	978
457,5	968
458,5	877
459,5	872
460,5	819
461,5	730
462,5	782
463,5	689
464,5	701
465,5	633
466,5	611
467,5	637
468,5	662
469,5	630
470,5	650
471,5	645
472,5	596
473,5	664
474,5	617
475,5	632
476,5	646
477,5	671
478,5	653
479,5	640
480,5	640
481,5	635
482,5	618
483,5	623
484,5	619
485,5	615
486,5	630
487,5	609
488,5	589
489,5	562
490,5	577
491,5	577
492,5	591
493,5	560
494,5	536
495,5	547
496,5	543
497,5	546
498,5	515
499,5	548
500,5	508
501,5	562
502,5	553
503,5	516
504,5	510
505,5	556
506,5	463
507,5	527
508,5	503
509,5	531
510,5	508
511,5	513
512,5	522
513,5	473
514,5	534
515,5	511
516,5	503
517,5	504
518,5	448
519,5	464
520,5	460
521,5	467
522,5	494
523,5	438
524,5	445
525,5	438
526,5	446
527,5	423
528,5	420
529,5	440
530,5	381
531,5	393
532,5	420
533,5	394
534,5	399
535,5	411
536,5	428
537,5	402
538,5	377
539,5	388
540,5	425
541,5	393
542,5	396
543,5	371
544,5	403
545,5	345
546,5	397
547,5	385
548,5	332
549,5	374
550,5	318
551,5	326
552,5	352
553,5	340
554,5	337
555,5	321
556,5	344
557,5	322
558,5	333
559,5	352
560,5	292
561,5	337
562,5	337
563,5	337
564,5	303
565,5	334
566,5	294
567,5	322
568,5	305
569,5	323
570,5	326
571,5	307
572,5	292
573,5	296
574,5	277
575,5	306
576,5	286
577,5	281
578,5	308
579,5	252
580,5	297
581,5	263
582,5	278
583,5	271
584,5	314
585,5	275
586,5	308
587,5	273
588,5	318
589,5	291
590,5	266
591,5	344
592,5	317
593,5	354
594,5	343
595,5	401
596,5	378
597,5	391
598,5	402
599,5	434
600,5	475
601,5	510
602,5	514
603,5	542
604,5	592
605,5	633
606,5	731
607,5	756
608,5	768
609,5	855
610,5	938
611,5	1023
612,5	1055
613,5	1120
614,5	1271
615,5	1285
616,5	1307
617,5	1403
618,5	1418
619,5	1569
620,5	1791
621,5	1741
622,5	1863
623,5	1917
624,5	2018
625,5	1995
626,5	2114
627,5	2150
628,5	2205
629,5	2261
630,5	2392
631,5	2460
632,5	2335
633,5	2388
634,5	2350
635,5	2383
636,5	2354
637,5	2407
638,5	2278
639,5	2304
640,5	2289
641,5	2151
642,5	2157
643,5	2069
644,5	2023
645,5	1904
646,5	1905
647,5	1879
648,5	1739
649,5	1666
650,5	1565
651,5	1515
652,5	1459
653,5	1409
654,5	1275
655,5	1172
656,5	1153
657,5	1076
658,5	1015
659,5	958
660,5	925
661,5	869
662,5	780
663,5	761
664,5	735
665,5	672
666,5	646
667,5	586
668,5	552
669,5	556
670,5	564
671,5	556
672,5	534
673,5	530
674,5	495
675,5	482
676,5	470
677,5	450
678,5	504
679,5	435
680,5	429
681,5	456
682,5	389
683,5	424
684,5	453
685,5	459
686,5	460
687,5	409
688,5	411
689,5	479
690,5	406
691,5	380
692,5	429
693,5	403
694,5	400
695,5	402
696,5	381
697,5	424
698,5	387
699,5	380
700,5	425
701,5	362
702,5	364
703,5	347
704,5	392
705,5	397
706,5	390
707,5	349
708,5	363
709,5	406
710,5	373
711,5	398
712,5	393
713,5	355
714,5	343
715,5	362
716,5	376
717,5	379
718,5	345
719,5	377
720,5	366
721,5	352
722,5	358
723,5	343
724,5	307
725,5	350
726,5	333
727,5	371
728,5	320
729,5	351
730,5	371
731,5	304
732,5	296
733,5	327
734,5	304
735,5	321
736,5	304
737,5	296
738,5	308
739,5	306
740,5	301
741,5	292
742,5	294
743,5	301
744,5	294
745,5	299
746,5	255
747,5	297
748,5	262
749,5	302
750,5	308
751,5	281
752,5	274
753,5	255
754,5	248
755,5	234
756,5	286
757,5	302
758,5	249
759,5	264
760,5	289
761,5	275
762,5	260
763,5	243
764,5	233
765,5	230
766,5	210
767,5	215
768,5	254
769,5	256
770,5	199
771,5	197
772,5	221
773,5	193
774,5	222
775,5	214
776,5	218
777,5	236
778,5	232
779,5	189
780,5	214
781,5	221
782,5	213
783,5	214
784,5	202
785,5	176
786,5	220
787,5	192
788,5	196
789,5	185
790,5	221
791,5	207
792,5	196
793,5	189
794,5	194
795,5	155
796,5	202
797,5	194
798,5	198
799,5	206
800,5	200
801,5	214
802,5	196
803,5	254
804,5	231
805,5	219
806,5	227
807,5	217
808,5	193
809,5	242
810,5	250
811,5	300
812,5	280
813,5	297
814,5	313
815,5	315
816,5	337
817,5	330
818,5	367
819,5	377
820,5	400
821,5	457
822,5	469
823,5	472
824,5	509
825,5	521
826,5	574
827,5	559
828,5	551
829,5	627
830,5	612
831,5	687
832,5	676
833,5	717
834,5	717
835,5	700
836,5	776
837,5	747
838,5	801
839,5	818
840,5	819
841,5	820
842,5	874
843,5	813
844,5	848
845,5	824
846,5	857
847,5	851
848,5	882
849,5	853
850,5	798
851,5	818
852,5	845
853,5	744
854,5	693
855,5	719
856,5	690
857,5	677
858,5	717
859,5	592
860,5	643
861,5	624
862,5	562
863,5	560
864,5	555
865,5	542
866,5	501
867,5	513
868,5	457
869,5	422
870,5	411
871,5	397
872,5	343
873,5	358
874,5	338
875,5	346
876,5	335
877,5	326
878,5	297
879,5	278
880,5	266
881,5	268
882,5	248
883,5	246
884,5	257
885,5	253
886,5	250
887,5	215
888,5	230
889,5	245
890,5	213
891,5	237
892,5	218
893,5	234
894,5	238
895,5	219
896,5	224
897,5	224
898,5	216
899,5	212
900,5	215
901,5	218
902,5	219
903,5	211
904,5	194
905,5	189
906,5	209
907,5	208
908,5	250
909,5	211
910,5	198
911,5	202
912,5	192
913,5	222
914,5	201
915,5	193
916,5	177
917,5	212
918,5	191
919,5	206
920,5	190
921,5	193
922,5	182
923,5	211
924,5	199
925,5	186
926,5	184
927,5	186
928,5	211
929,5	194
930,5	211
931,5	184
932,5	179
933,5	176
934,5	172
935,5	175
936,5	171
937,5	172
938,5	170
939,5	159
940,5	169
941,5	166
942,5	163
943,5	174
944,5	160
945,5	177
946,5	158
947,5	169
948,5	181
949,5	137
950,5	164
951,5	173
952,5	170
953,5	161
954,5	166
955,5	158
956,5	170
957,5	145
958,5	157
959,5	114
960,5	144
961,5	149
962,5	146
963,5	120
964,5	147
965,5	129
966,5	122
967,5	120
968,5	137
969,5	131
970,5	138
971,5	129
972,5	152
973,5	128
974,5	132
975,5	129
976,5	144
977,5	124
978,5	114
979,5	121
980,5	136
981,5	137
982,5	119
983,5	127
984,5	115
985,5	120
986,5	128
987,5	113
988,5	111
989,5	132
990,5	100
991,5	127
992,5	98
993,5	121
994,5	113
995,5	115
996,5	111
997,5	99
998,5	106
999,5	127
1000,5	103
1001,5	100
1002,5	128
1003,5	127
1004,5	92
1005,5	101
1006,5	121
1007,5	109
1008,5	90
1009,5	103
1010,5	110
1011,5	98
1012,5	113
1013,5	103
1014,5	103
1015,5	113
1016,5	129
1017,5	109
1018,5	131
1019,5	152
1020,5	148
1021,5	104
1022,5	115
1023,5	131
1024,5	130
1025,5	115
1026,5	148
1027,5	145
1028,5	146
1029,5	155
1030,5	185
1031,5	148
1032,5	177
1033,5	182
1034,5	189
1035,5	186
1036,5	187
1037,5	189
1038,5	219
1039,5	220
1040,5	239
1041,5	221
1042,5	244
1043,5	253
1044,5	241
1045,5	237
1046,5	226
1047,5	251
1048,5	267
1049,5	280
1050,5	230
1051,5	274
1052,5	276
1053,5	278
1054,5	262
1055,5	240
1056,5	249
1057,5	266
1058,5	296
1059,5	260
1060,5	238
1061,5	262
1062,5	252
1063,5	254
1064,5	253
1065,5	246
1066,5	242
1067,5	231
1068,5	254
1069,5	235
1070,5	228
1071,5	221
1072,5	198
1073,5	185
1074,5	176
1075,5	186
1076,5	158
1077,5	178
1078,5	167
1079,5	164
1080,5	149
1081,5	139
1082,5	148
1083,5	149
1084,5	123
1085,5	131
1086,5	128
1087,5	115
1088,5	126
1089,5	112
1090,5	122
1091,5	98
1092,5	115
1093,5	118
1094,5	94
1095,5	115
1096,5	102
1097,5	91
1098,5	107
1099,5	107
1100,5	93
1101,5	126
1102,5	93
1103,5	112
1104,5	99
1105,5	103
1106,5	107
1107,5	114
1108,5	83
1109,5	99
1110,5	84
1111,5	86
1112,5	97
1113,5	86
1114,5	74
1115,5	107
1116,5	82
1117,5	88
1118,5	81
1119,5	95
1120,5	95
1121,5	83
1122,5	101
1123,5	99
1124,5	90
1125,5	89
1126,5	84
1127,5	81
1128,5	73
1129,5	76
1130,5	94
1131,5	87
1132,5	76
1133,5	87
1134,5	102
1135,5	84
1136,5	71
1137,5	77
1138,5	82
1139,5	77
1140,5	89
1141,5	75
1142,5	85
1143,5	76
1144,5	76
1145,5	71
1146,5	87
1147,5	66
1148,5	82
1149,5	74
1150,5	66
1151,5	67
1152,5	62
1153,5	93
1154,5	74
1155,5	63
1156,5	85
1157,5	93
1158,5	85
1159,5	50
1160,5	66
1161,5	68
1162,5	65
1163,5	83
1164,5	58
1165,5	55
1166,5	66
1167,5	68
1168,5	72
1169,5	70
1170,5	74
1171,5	57
1172,5	61
1173,5	65
1174,5	56
1175,5	57
1176,5	67
1177,5	52
1178,5	57
1179,5	71
1180,5	57
1181,5	64
1182,5	57
1183,5	62
1184,5	56
1185,5	65
1186,5	61
1187,5	51
1188,5	58
1189,5	65
1190,5	51
1191,5	47
1192,5	52
1193,5	57
1194,5	51
1195,5	44
1196,5	59
1197,5	38
1198,5	52
1199,5	54
1200,5	55
1201,5	43
1202,5	47
1203,5	47
1204,5	51
1205,5	47
1206,5	41
1207,5	49
1208,5	49
1209,5	52
1210,5	44
1211,5	53
1212,5	46
1213,5	43
1214,5	41
1215,5	43
1216,5	37
1217,5	48
1218,5	50
1219,5	50
1220,5	43
1221,5	42
1222,5	47
1223,5	47
1224,5	50
1225,5	50
1226,5	38
1227,5	57
1228,5	44
1229,5	50
1230,5	44
1231,5	49
1232,5	62
1233,5	50
1234,5	62
1235,5	56
1236,5	47
1237,5	56
1238,5	58
1239,5	51
1240,5	64
1241,5	58
1242,5	65
1243,5	57
1244,5	63
1245,5	63
1246,5	72
1247,5	71
1248,5	63
1249,5	66
1250,5	80
1251,5	88
1252,5	76
1253,5	65
1254,5	78
1255,5	72
1256,5	77
1257,5	81
1258,5	74
1259,5	69
1260,5	71
1261,5	74
1262,5	92
1263,5	84
1264,5	90
1265,5	81
1266,5	77
1267,5	82
1268,5	78
1269,5	83
1270,5	71
1271,5	74
1272,5	73
1273,5	76
1274,5	89
1275,5	71
1276,5	73
1277,5	69
1278,5	78
1279,5	67
1280,5	60
1281,5	65
1282,5	64
1283,5	68
1284,5	66
1285,5	75
1286,5	61
1287,5	55
1288,5	45
1289,5	59
1290,5	47
1291,5	55
1292,5	50
1293,5	43
1294,5	54
1295,5	50
1296,5	49
1297,5	57
1298,5	40
1299,5	62
1300,5	56
1301,5	35
1302,5	31
1303,5	56
1304,5	30
1305,5	41
1306,5	39
1307,5	31
1308,5	48
1309,5	32
1310,5	34
1311,5	35
1312,5	43
1313,5	32
1314,5	34
1315,5	30
1316,5	41
1317,5	44
1318,5	28
1319,5	30
1320,5	26
1321,5	40
1322,5	23
1323,5	41
1324,5	35
1325,5	29
1326,5	31
1327,5	33
1328,5	33
1329,5	36
1330,5	22
1331,5	33
1332,5	27
1333,5	33
1334,5	28
1335,5	18
1336,5	41
1337,5	39
1338,5	25
1339,5	29
1340,5	27
1341,5	34
1342,5	23
1343,5	28
1344,5	29
1345,5	27
1346,5	37
1347,5	22
1348,5	25
1349,5	32
1350,5	27
1351,5	32
1352,5	27
1353,5	29
1354,5	29
1355,5	33
1356,5	22
1357,5	31
1358,5	31
1359,5	33
1360,5	24
1361,5	34
1362,5	25
1363,5	26
1364,5	21
1365,5	23
1366,5	26
1367,5	26
1368,5	22
1369,5	22
1370,5	9
1371,5	19
1372,5	22
1373,5	17
1374,5	31
1375,5	27
1376,5	26
1377,5	22
1378,5	21
1379,5	21
1380,5	23
1381,5	22
1382,5	25
1383,5	20
1384,5	26
1385,5	18
1386,5	27
1387,5	27
1388,5	18
1389,5	18
1390,5	25
1391,5	17
1392,5	29
1393,5	22
1394,5	20
1395,5	25
1396,5	23
1397,5	17
1398,5	26
1399,5	23
1400,5	18
1401,5	17
1402,5	27
1403,5	23
1404,5	18
1405,5	27
1406,5	16
1407,5	15
1408,5	21
1409,5	12
1410,5	19
1411,5	20
1412,5	18
1413,5	24
1414,5	19
1415,5	24
1416,5	14
1417,5	20
1418,5	13
1419,5	23
1420,5	16
1421,5	23
1422,5	22
1423,5	18
1424,5	18
1425,5	19
1426,5	12
1427,5	9
1428,5	18
1429,5	17
1430,5	17
1431,5	15
1432,5	22
1433,5	16
1434,5	16
1435,5	18
1436,5	18
1437,5	18
1438,5	20
1439,5	24
1440,5	17
1441,5	16
1442,5	11
1443,5	12
1444,5	19
1445,5	23
1446,5	18
1447,5	19
1448,5	26
1449,5	24
1450,5	20
1451,5	25
1452,5	14
1453,5	18
1454,5	18
1455,5	29
1456,5	12
1457,5	19
1458,5	25
1459,5	21
1460,5	25
1461,5	26
1462,5	28
1463,5	30
1464,5	18
1465,5	25
1466,5	19
1467,5	27
1468,5	18
1469,5	17
1470,5	31
1471,5	20
1472,5	28
1473,5	46
1474,5	25
1475,5	24
1476,5	27
1477,5	23
1478,5	17
1479,5	15
1480,5	23
1481,5	21
1482,5	13
1483,5	17
1484,5	30
1485,5	22
1486,5	17
1487,5	21
1488,5	15
1489,5	26
1490,5	24
1491,5	21
1492,5	24
1493,5	22
1494,5	18
1495,5	23
1496,5	15
1497,5	10
1498,5	25
1499,5	18
1500,5	20
1501,5	20
1502,5	14
1503,5	19
1504,5	19
1505,5	21
1506,5	14
1507,5	17
1508,5	18
1509,5	11
1510,5	15
1511,5	22
1512,5	15
1513,5	11
1514,5	19
1515,5	13
1516,5	13
1517,5	7
1518,5	14
1519,5	10
1520,5	18
1521,5	16
1522,5	6
1523,5	7
1524,5	8
1525,5	11
1526,5	14
1527,5	14
1528,5	9
1529,5	15
1530,5	11
1531,5	12
1532,5	17
1533,5	19
1534,5	16
1535,5	15
1536,5	13
1537,5	12
1538,5	14
1539,5	8
1540,5	13
1541,5	14
1542,5	12
1543,5	19
1544,5	18
1545,5	8
1546,5	9
1547,5	10
1548,5	6
1549,5	16
1550,5	7
1551,5	12
1552,5	8
1553,5	9
1554,5	15
1555,5	16
1556,5	11
1557,5	6
1558,5	11
1559,5	8
1560,5	13
1561,5	9
1562,5	11
1563,5	12
1564,5	7
1565,5	8
1566,5	18
1567,5	7
1568,5	11
1569,5	7
1570,5	12
1571,5	8
1572,5	10
1573,5	10
1574,5	8
1575,5	4
1576,5	3
1577,5	6
1578,5	7
1579,5	5
1580,5	12
1581,5	12
1582,5	6
1583,5	4
1584,5	1
1585,5	7
1586,5	10
1587,5	6
1588,5	3
1589,5	9
1590,5	8
1591,5	6
1592,5	5
1593,5	8
1594,5	10
1595,5	6
1596,5	7
1597,5	6
1598,5	7
1599,5	9
1600,5	8
1601,5	10
1602,5	3
1603,5	6
1604,5	6
1605,5	7
1606,5	7
1607,5	7
1608,5	12
1609,5	11
1610,5	5
1611,5	6
1612,5	6
1613,5	5
1614,5	8
1615,5	2
1616,5	15
1617,5	6
1618,5	7
1619,5	7
1620,5	4
1621,5	6
1622,5	3
1623,5	3
1624,5	3
1625,5	7
1626,5	5
1627,5	5
1628,5	6
1629,5	5
1630,5	7
1631,5	6
1632,5	5
1633,5	7
1634,5	7
1635,5	7
1636,5	6
1637,5	12
1638,5	5
1639,5	5
1640,5	4
1641,5	7
1642,5	3
1643,5	3
1644,5	6
1645,5	5
1646,5	9
1647,5	9
1648,5	3
1649,5	9
1650,5	3
1651,5	8
1652,5	7
1653,5	5
1654,5	5
1655,5	5
1656,5	3
1657,5	8
1658,5	3
1659,5	5
1660,5	7
1661,5	10
1662,5	2
1663,5	6
1664,5	10
1665,5	5
1666,5	5
1667,5	4
1668,5	6
1669,5	6
1670,5	4
1671,5	3
1672,5	7
1673,5	8
1674,5	5
1675,5	9
1676,5	7
1677,5	9
1678,5	7
1679,5	8
1680,5	6
1681,5	2
1682,5	10
1683,5	2
1684,5	8
1685,5	3
1686,5	8
1687,5	6
1688,5	7
1689,5	5
1690,5	9
1691,5	9
1692,5	3
1693,5	6
1694,5	5
1695,5	5
1696,5	5
1697,5	8
1698,5	6
1699,5	4
1700,5	4
1701,5	6
1702,5	5
1703,5	4
1704,5	4
1705,5	5
1706,5	5
1707,5	9
1708,5	2
1709,5	6
1710,5	5
1711,5	3
1712,5	6
1713,5	3
1714,5	3
1715,5	2
1716,5	4
1717,5	9
1718,5	6
1719,5	6
1720,5	8
1721,5	3
1722,5	3
1723,5	2
1724,5	4
1725,5	2
1726,5	6
1727,5	5
1728,5	4
1729,5	5
1730,5	2
1731,5	2
1732,5	6
1733,5	1
1734,5	3
1735,5	1
1736,5	2
1737,5	5
1738,5	7
1739,5	1
1740,5	8
1741,5	1
1742,5	4
1743,5	5
1744,5	2
1745,5	1
1746,5	2
1747,5	2
1748,5	5
1749,5	1
1750,5	3
1751,5	3
1752,5	11
1753,5	5
1754,5	6
1756,5	4
1757,5	1
1758,5	3
1759,5	5
1760,5	4
1761,5	3
1762,5	4
1763,5	2
1764,5	5
1765,5	6
1766,5	1
1767,5	1
1768,5	2
1769,5	3
1770,5	4
1771,5	3
1772,5	2
1773,5	6
1774,5	2
1775,5	2
1776,5	2
1777,5	2
1778,5	4
1779,5	1
1780,5	4
1781,5	1
1782,5	1
1783,5	1
1784,5	8
1785,5	3
1786,5	1
1787,5	4
1788,5	9
1789,5	2
1790,5	2
1791,5	5
1792,5	1
1794,5	2
1795,5	1
1796,5	5
1798,5	2
1799,5	3
1800,5	4
1801,5	2
1803,5	2
1804,5	8
1805,5	4
1806,5	5
1807,5	2
1808,5	4
1809,5	3
1810,5	4
1811,5	3
1812,5	2
1813,5	3
1814,5	3
1815,5	1
1816,5	3
1817,5	2
1818,5	2
1821,5	1
1822,5	3
1824,5	2
1825,5	5
1826,5	2
1827,5	1
1828,5	1
1829,5	6
1830,5	4
1831,5	2
1832,5	1
1833,5	2
1834,5	1
1835,5	1
1836,5	4
1837,5	4
1838,5	2
1839,5	1
1840,5	2
1843,5	3
1844,5	1
1845,5	1
1846,5	5
1848,5	1
1849,5	2
1850,5	2
1851,5	4
1852,5	1
1853,5	2
1855,5	2
1857,5	1
1858,5	1
1859,5	1
1860,5	1
1861,5	5
1862,5	1
1863,5	1
1865,5	1
1866,5	2
1867,5	4
1868,5	1
1870,5	3
1872,5	2
1873,5	2
1876,5	2
1877,5	1
1878,5	3
1880,5	1
1881,5	1
1882,5	7
1883,5	1
1885,5	1
1887,5	3
1889,5	3
1890,5	3
1891,5	2
1892,5	3
1893,5	1
1894,5	1
1895,5	2
1896,5	1
1897,5	5
1898,5	1
1901,5	2
1902,5	1
1905,5	2
1909,5	3
1910,5	3
1911,5	3
1912,5	3
1914,5	2
1915,5	4
1916,5	3
1917,5	3
1918,5	2
1919,5	2
1920,5	2
1921,5	1
1924,5	1
1925,5	3
1927,5	2
1928,5	1
1929,5	1
1930,5	3
1932,5	1
1933,5	1
1934,5	1
1935,5	1
1936,5	2
1937,5	2
1938,5	2
1940,5	1
1943,5	3
1944,5	4
1945,5	1
1947,5	2
1948,5	2
1950,5	3
1952,5	1
1953,5	1
1954,5	1
1955,5	2
1956,5	1
1958,5	1
1960,5	1
1961,5	4
1962,5	3
1963,5	3
1964,5	4
1965,5	3
1967,5	2
1968,5	1
1969,5	2
1971,5	2
1972,5	2
1973,5	2
1974,5	1
1975,5	2
1977,5	1
1978,5	2
1980,5	1
1984,5	1
1985,5	2
1986,5	2
1988,5	1
1993,5	1
1995,5	3
1996,5	1
1997,5	2
2000,5	1
2001,5	1
2002,5	4
2004,5	1
2006,5	2
2007,5	4
2010,5	1
2011,5	1
2012,5	1
2013,5	1
2017,5	1
2021,5	1
2028,5	1
2030,5	2
2032,5	1
2034,5	1
2036,5	1
2037,5	2
2047,5	1
2048,5	2
2050,5	2
2052,5	1
2058,5	1
2064,5	1
2066,5	1
2067,5	1
2069,5	1
2070,5	1
2072,5	1
2075,5	1
2076,5	2
2078,5	1
2080,5	1
2082,5	1
2083,5	1
2084,5	1
2086,5	1
2090,5	1
2092,5	1
2093,5	1
2097,5	2
2099,5	3
2102,5	1
2104,5	1
2107,5	1
2120,5	1
2122,5	1
2124,5	2
2128,5	1
2129,5	3
2131,5	1
2132,5	2
2135,5	1
2138,5	1
2141,5	1
2142,5	1
2153,5	1
2155,5	1
2156,5	1
2162,5	1
2163,5	1
2167,5	1
2168,5	1
2173,5	1
2174,5	1
2177,5	2
2178,5	1
2179,5	1
2186,5	1
2189,5	1
2191,5	1
2192,5	1
2194,5	1
2199,5	1
2202,5	1
2203,5	1
2213,5	1
2217,5	1
2220,5	1
2222,5	1
2226,5	1
2235,5	1
2243,5	1
2251,5	1
2257,5	1
2273,5	1
2277,5	1
2283,5	1
2285,5	1
2297,5	1
2304,5	1
2314,5	1
2316,5	1
2318,5	1
2324,5	1
2340,5	1
2348,5	1
2363,5	1
2408,5	1
2432,5	1
2433,5	1
2442,5	1
2500,5	1
2538,5	1
2560,5	1
2589,5	1
2620,5	1
2657,5	1
2676,5	1
