ADC Channel - Charge distribution	Counts - Charge distribution
-62,5	1
-57,5	1
-56,5	1
-55,5	1
-54,5	1
-53,5	2
-52,5	1
-51,5	3
-50,5	4
-49,5	4
-48,5	7
-47,5	10
-46,5	9
-45,5	13
-44,5	19
-43,5	20
-42,5	36
-41,5	34
-40,5	39
-39,5	65
-38,5	72
-37,5	89
-36,5	125
-35,5	162
-34,5	184
-33,5	221
-32,5	263
-31,5	301
-30,5	399
-29,5	477
-28,5	594
-27,5	693
-26,5	881
-25,5	992
-24,5	1125
-23,5	1441
-22,5	1629
-21,5	1978
-20,5	2167
-19,5	2494
-18,5	2947
-17,5	3422
-16,5	3957
-15,5	4464
-14,5	5116
-13,5	5970
-12,5	6559
-11,5	7182
-10,5	8073
-9,5	8944
-8,5	9838
-7,5	10728
-6,5	11672
-5,5	12273
-4,5	13111
-3,5	13956
-2,5	14562
-1,5	14974
-0,5	15256
0,5	15285
1,5	15442
2,5	15259
3,5	14891
4,5	14627
5,5	13826
6,5	13402
7,5	12582
8,5	11606
9,5	10840
10,5	9942
11,5	9154
12,5	8124
13,5	7432
14,5	6354
15,5	5793
16,5	5037
17,5	4436
18,5	3916
19,5	3459
20,5	2976
21,5	2601
22,5	2296
23,5	1869
24,5	1646
25,5	1531
26,5	1260
27,5	1064
28,5	984
29,5	925
30,5	766
31,5	768
32,5	724
33,5	683
34,5	679
35,5	674
36,5	748
37,5	798
38,5	845
39,5	984
40,5	1105
41,5	1249
42,5	1391
43,5	1642
44,5	1858
45,5	2160
46,5	2452
47,5	2787
48,5	3120
49,5	3590
50,5	3990
51,5	4624
52,5	5097
53,5	5706
54,5	6324
55,5	7081
56,5	7688
57,5	8360
58,5	8904
59,5	9623
60,5	10176
61,5	10694
62,5	11322
63,5	11845
64,5	12059
65,5	12125
66,5	12355
67,5	12444
68,5	12402
69,5	12296
70,5	11999
71,5	11692
72,5	11260
73,5	10718
74,5	10263
75,5	9661
76,5	8993
77,5	8225
78,5	7760
79,5	6904
80,5	6184
81,5	5749
82,5	5125
83,5	4703
84,5	4140
85,5	3736
86,5	3233
87,5	2884
88,5	2510
89,5	2192
90,5	1960
91,5	1693
92,5	1521
93,5	1280
94,5	1173
95,5	994
96,5	962
97,5	789
98,5	762
99,5	736
100,5	647
101,5	591
102,5	550
103,5	614
104,5	634
105,5	572
106,5	634
107,5	651
108,5	713
109,5	812
110,5	906
111,5	1035
112,5	1128
113,5	1239
114,5	1328
115,5	1542
116,5	1656
117,5	1849
118,5	1994
119,5	2382
120,5	2523
121,5	2819
122,5	2931
123,5	3279
124,5	3519
125,5	3751
126,5	4089
127,5	4313
128,5	4578
129,5	4687
130,5	4800
131,5	5026
132,5	5055
133,5	5299
134,5	5297
135,5	5266
136,5	5260
137,5	5155
138,5	5048
139,5	4910
140,5	4747
141,5	4468
142,5	4231
143,5	4016
144,5	3785
145,5	3463
146,5	3349
147,5	3020
148,5	2657
149,5	2437
150,5	2376
151,5	2071
152,5	1810
153,5	1588
154,5	1457
155,5	1310
156,5	1172
157,5	1027
158,5	924
159,5	831
160,5	723
161,5	640
162,5	584
163,5	530
164,5	433
165,5	376
166,5	376
167,5	343
168,5	340
169,5	306
170,5	291
171,5	282
172,5	273
173,5	270
174,5	274
175,5	302
176,5	298
177,5	337
178,5	356
179,5	374
180,5	443
181,5	474
182,5	509
183,5	493
184,5	613
185,5	672
186,5	723
187,5	755
188,5	777
189,5	930
190,5	994
191,5	1035
192,5	1108
193,5	1161
194,5	1301
195,5	1327
196,5	1373
197,5	1451
198,5	1406
199,5	1446
200,5	1499
201,5	1494
202,5	1513
203,5	1537
204,5	1454
205,5	1479
206,5	1402
207,5	1442
208,5	1371
209,5	1275
210,5	1242
211,5	1153
212,5	1174
213,5	1026
214,5	981
215,5	866
216,5	804
217,5	766
218,5	679
219,5	618
220,5	552
221,5	490
222,5	443
223,5	408
224,5	373
225,5	302
226,5	283
227,5	293
228,5	228
229,5	197
230,5	172
231,5	166
232,5	150
233,5	119
234,5	127
235,5	122
236,5	96
237,5	120
238,5	107
239,5	99
240,5	99
241,5	77
242,5	99
243,5	78
244,5	77
245,5	106
246,5	97
247,5	104
248,5	115
249,5	130
250,5	128
251,5	145
252,5	134
253,5	177
254,5	154
255,5	160
256,5	180
257,5	235
258,5	254
259,5	221
260,5	242
261,5	270
262,5	287
263,5	308
264,5	308
265,5	280
266,5	333
267,5	330
268,5	344
269,5	349
270,5	331
271,5	331
272,5	300
273,5	329
274,5	318
275,5	324
276,5	263
277,5	277
278,5	252
279,5	240
280,5	217
281,5	233
282,5	219
283,5	194
284,5	173
285,5	154
286,5	131
287,5	147
288,5	113
289,5	121
290,5	122
291,5	96
292,5	94
293,5	96
294,5	59
295,5	59
296,5	63
297,5	50
298,5	34
299,5	32
300,5	42
301,5	34
302,5	31
303,5	26
304,5	27
305,5	21
306,5	34
307,5	29
308,5	16
309,5	20
310,5	20
311,5	19
312,5	20
313,5	14
314,5	25
315,5	23
316,5	22
317,5	35
318,5	40
319,5	37
320,5	43
321,5	40
322,5	36
323,5	41
324,5	37
325,5	30
326,5	52
327,5	38
328,5	46
329,5	51
330,5	57
331,5	49
332,5	60
333,5	56
334,5	37
335,5	52
336,5	50
337,5	50
338,5	70
339,5	47
340,5	68
341,5	59
342,5	54
343,5	58
344,5	64
345,5	47
346,5	64
347,5	36
348,5	50
349,5	35
350,5	47
351,5	35
352,5	22
353,5	32
354,5	32
355,5	26
356,5	28
357,5	24
358,5	25
359,5	25
360,5	18
361,5	8
362,5	11
363,5	15
364,5	15
365,5	13
366,5	9
367,5	8
368,5	7
369,5	9
370,5	6
371,5	13
372,5	8
373,5	7
374,5	4
375,5	6
376,5	6
377,5	4
378,5	5
379,5	5
380,5	9
381,5	3
382,5	7
383,5	8
384,5	3
385,5	7
386,5	7
387,5	5
388,5	5
389,5	7
390,5	7
391,5	8
392,5	4
393,5	7
394,5	6
395,5	10
396,5	3
397,5	5
398,5	4
399,5	8
400,5	8
401,5	14
402,5	7
403,5	16
404,5	12
405,5	11
406,5	8
407,5	7
408,5	2
409,5	7
410,5	8
411,5	9
412,5	11
413,5	6
414,5	10
415,5	9
416,5	2
417,5	7
418,5	5
419,5	3
420,5	6
421,5	3
422,5	2
423,5	4
424,5	2
425,5	3
426,5	3
427,5	4
428,5	3
429,5	1
430,5	1
431,5	4
433,5	1
434,5	2
435,5	2
436,5	1
437,5	3
439,5	1
441,5	1
442,5	1
443,5	1
444,5	1
447,5	1
449,5	1
450,5	3
451,5	1
452,5	1
453,5	2
455,5	2
458,5	1
459,5	1
461,5	1
463,5	4
464,5	2
465,5	2
466,5	2
467,5	1
468,5	1
469,5	1
470,5	1
472,5	2
473,5	1
475,5	1
476,5	1
477,5	2
478,5	1
479,5	1
480,5	2
482,5	1
483,5	2
484,5	1
485,5	3
486,5	1
487,5	2
488,5	2
489,5	1
493,5	2
495,5	1
498,5	2
499,5	1
532,5	1
543,5	1
555,5	2
568,5	1
615,5	1
634,5	1
